1.00001e-07
1.00001e-07
1.00001e-07
1.00001e-07
1.00001e-07
1.00001e-07
1.00001e-07
0
1.00001e-07
1.00001e-07
1.00001e-07
1.00001e-07
1.00001e-07
2.00002e-07
0
1.00001e-07
1.00001e-07
1.00001e-07
1.00001e-07
1.00001e-07
2.00002e-07
1.00001e-07
2.00002e-07
1.00001e-07
2.00002e-07
1.00001e-07
1.00001e-07
0
1.00001e-07
1.00001e-07
1.00001e-07
1.00001e-07
2.00002e-07
1.00001e-07
1.00001e-07
1.00001e-07
2.00002e-07
1.00001e-07
1.00001e-07
1.00001e-07
1.00001e-07
1.00001e-07
1.00001e-07
0
2.00002e-07
1.00001e-07
0
4.00003e-07
1.00001e-07
1.00001e-07
1.00001e-07
1.00001e-07
1.00001e-07
0
1.00001e-07
1.00001e-07
1.00001e-07
1.00001e-07
1.00001e-07
1.00001e-07
2.00002e-07
1.00001e-07
2.00002e-07
1.00001e-07
1.00001e-07
1.00001e-07
1.00001e-07
1.00001e-07
1.00001e-07
1.00001e-07
5.00004e-07
0
1.00001e-07
1.00001e-07
1.00001e-07
1.00001e-07
1.00001e-07
1.00001e-07
1.00001e-07
1.00001e-07
0
1.00001e-07
1.00001e-07
0
1.00001e-07
1.00001e-07
1.00001e-07
1.00001e-07
1.00001e-07
1.00001e-07
1.00001e-07
2.00002e-07
1.00001e-07
1.00001e-07
1.00001e-07
2.00002e-07
0
1.00001e-07
1.00001e-07
2.00002e-07
4.00003e-07
2.00002e-07
1.00001e-07
1.00001e-07
1.00001e-07
1.00001e-07
1.00001e-07
1.00001e-07
1.00001e-07
1.00001e-07
1.00001e-07
1.00001e-07
1.00001e-07
1.00001e-07
1.00001e-07
1.00001e-07
1.00001e-07
0
1.00001e-07
1.00001e-07
1.00001e-07
1.00001e-07
1.00001e-07
1.00001e-07
3.00002e-07
1.00001e-07
1.00001e-07
3.00002e-07
1.00001e-07
1.00001e-07
1.00001e-07
1.00001e-07
1.00001e-07
1.00001e-07
